5.675711409153921805e-01 5.675711409153921805e-01 5.675711409153921805e-01 5.675711409153921805e-01
5.641734061635856889e-01 5.721989446182351724e-01 5.781449923870500829e-01 5.702031499581725615e-01
5.609605412940279479e-01 5.769893663568583797e-01 5.887246630547160464e-01 5.730241957272736997e-01
5.579357400274694845e-01 5.819383902098228534e-01 5.993098447380953431e-01 5.760315008747352028e-01
5.551020766990117927e-01 5.870420049328289869e-01 6.099002504963869642e-01 5.792221642474980614e-01
5.524624924422975036e-01 5.922962143687529046e-01 6.204956128415055616e-01 5.825931732826565845e-01
5.500197814624488979e-01 5.976970470062572538e-01 6.310956821275202078e-01 5.861414163834526292e-01
5.477765775285475813e-01 6.032405646911428443e-01 6.417002250964923826e-01 5.898636951778680748e-01
5.457353408221078395e-01 6.089228705035000244e-01 6.523090235633891565e-01 5.937567365699711885e-01
5.438983452815424613e-01 6.147401158213119388e-01 6.629218732248921553e-01 5.978172045031825421e-01
5.422676665837842247e-01 6.206885065974898641e-01 6.735385825787727487e-01 6.020417113641065576e-01
5.408451709028091470e-01 6.267643088824449427e-01 6.841589719421129479e-01 6.064268289652833266e-01
5.396325045806636966e-01 6.329638536283095362e-01 6.947828725580389442e-01 6.109690990549359046e-01
5.386310848396661521e-01 6.392835408138985986e-01 7.054101257818430337e-01 6.156650433113411980e-01
5.378420916547491659e-01 6.457198429315577082e-01 7.160405823384283774e-01 6.205111727886578610e-01
5.372664608925444840e-01 6.522693078782720866e-01 7.266741016439213219e-01 6.255039967897887410e-01
5.369048788089831881e-01 6.589285612939302927e-01 7.373105511851087979e-01 6.306400311500126588e-01
5.367577779801818716e-01 6.656943083895356938e-01 7.479498059510559793e-01 6.359158059226255322e-01
5.368253347225706573e-01 6.725633353075382015e-01 7.585917479118791107e-01 6.413278724646230833e-01
5.371074680380288902e-01 6.795325100554220343e-01 7.692362655401929761e-01 6.468728099265127485e-01
5.376038400987188659e-01 6.865987830522924940e-01 7.798832533712266590e-01 6.525472311556375082e-01
5.383138582648602233e-01 6.937591873265535058e-01 7.905326115980289003e-01 6.583477880269668070e-01
5.392366786074140883e-01 7.010108384009162696e-01 8.011842456985506233e-01 6.642711762191368940e-01
5.403712108870675213e-01 7.083509338989789628e-01 8.118380660917271507e-01 6.703141394566844991e-01
5.417161249215312058e-01 7.157767529055409916e-01 8.224939878199718502e-01 6.764734732419298568e-01
5.432698582554427169e-01 7.232856551106823240e-01 8.331519302557540696e-01 6.827460281018769006e-01
5.450306250314951306e-01 7.308750797654974818e-01 8.438118168301639299e-01 6.891287123768841116e-01
5.469964259481043811e-01 7.385425444752659052e-01 8.544735747815728200e-01 6.956184945787453611e-01
5.491650591782240021e-01 7.462856438537607273e-01 8.651371349226794072e-01 7.022124053462899251e-01
5.515341321159452637e-01 7.541020480603993770e-01 8.758024314243988417e-01 7.089075390266976751e-01
5.541010738123506307e-01 7.619895012400105250e-01 8.864694016151939415e-01 7.157010549104982911e-01
5.573960291689682434e-01 7.637920746730312294e-01 8.877625433263860444e-01 7.179375553161523316e-01
5.606924290553600976e-01 7.656056426124352443e-01 8.890669266146389305e-01 7.201833099982254405e-01
5.639902481426429803e-01 7.674301271125600898e-01 8.903825020742489604e-01 7.224382326538373311e-01
5.672894616801315015e-01 7.692654505002375354e-01 8.917092201683984865e-01 7.247022377041023589e-01
5.705900454792389720e-01 7.711115353825280794e-01 8.930470312363172347e-01 7.269752402936429103e-01
5.738919758979037500e-01 7.729683046542076275e-01 8.943958855003750763e-01 7.292571562898783055e-01
5.771952298255186298e-01 7.748356815050100321e-01 8.957557330731036327e-01 7.315479022820948751e-01
5.804997846683493945e-01 7.767135894266302687e-01 8.971265239641507128e-01 7.338473955803073157e-01
5.838056183354182194e-01 7.786019522194894682e-01 8.985082080871604759e-01 7.361555542139174291e-01
5.871127092248416002e-01 7.805006939992643611e-01 8.999007352665810977e-01 7.384722969301782403e-01
5.904210362106011578e-01 7.824097392031875708e-01 9.013040552443997155e-01 7.407975431924703758e-01
5.937305786297351062e-01 7.843290125961170922e-01 9.027181176868003254e-01 7.431312131783995856e-01
5.970413162699322873e-01 7.862584392763827257e-01 9.041428721907469601e-01 7.454732277777206262e-01
6.003532293575175594e-01 7.881979446814105783e-01 9.055782682904884862e-01 7.478235085900950541e-01
6.036662985458108865e-01 7.901474545931285176e-01 9.070242554639871280e-01 7.501819779226904794e-01
6.069805049038505818e-01 7.921068951431575744e-01 9.084807831392656130e-01 7.525485587876262761e-01
6.102958299054648261e-01 7.940761928177925144e-01 9.099478007006774893e-01 7.549231748992740743e-01
6.136122554186805855e-01 7.960552744627724664e-01 9.114252574950949537e-01 7.573057506714180320e-01
6.169297636954578223e-01 7.980440672878492681e-01 9.129131028380156332e-01 7.596962112142809920e-01
6.202483373617376783e-01 8.000424988711536400e-01 9.144112860195896531e-01 7.620944823314232952e-01
6.235679594077938592e-01 8.020504971633644065e-01 9.159197563105624385e-01 7.645004905165202480e-01
6.268886131788751204e-01 8.040679904916830933e-01 9.174384629681346937e-01 7.669141629500223489e-01
6.302102823661320796e-01 8.060949075636193450e-01 9.189673552417408908e-01 7.693354274957054928e-01
6.335329509978151474e-01 8.081311774705886020e-01 9.205063823787426047e-01 7.717642126971164807e-01
6.368566034307358015e-01 8.101767296913269245e-01 9.220554936300382476e-01 7.742004477739169443e-01
6.401812243419827686e-01 8.122314940951255169e-01 9.236146382555876500e-01 7.766440626181341234e-01
6.435067987208837881e-01 8.142954009448905017e-01 9.251837655298541518e-01 7.790949877903207144e-01
6.468333118612037413e-01 8.163683809000280567e-01 9.267628247471589864e-01 7.815531545156306770e-01
6.501607493535733751e-01 8.184503650191622404e-01 9.283517652269531739e-01 7.840184946798131049e-01
6.534890970781379593e-01 8.205412847626863959e-01 9.299505363190022633e-01 7.864909408251311573e-01
6.550196773973876452e-01 8.217607789239991245e-01 9.310267331166048876e-01 7.877631482735009127e-01
6.565509204251495090e-01 8.229818413009555300e-01 9.321046674655755204e-01 7.890368249398194145e-01
6.580828215354052046e-01 8.242044649236013321e-01 9.331843333447041866e-01 7.903119637206563741e-01
6.596153761431312601e-01 8.254286428543925469e-01 9.342661059528586387e-01 7.915885575502241700e-01
6.611485797038699763e-01 8.266543681880864636e-01 9.353517202328327507e-01 7.928665994002045414e-01
6.626824277133052110e-01 8.278816340516318428e-01 9.364413647766541837e-01 7.941460822795766150e-01
6.642169157068429364e-01 8.291104336040593381e-01 9.375350100003889686e-01 7.954269992344433771e-01
6.657520392591957936e-01 8.303407600363706953e-01 9.386326264433771938e-01 7.967093433478596998e-01
6.672877939839750860e-01 8.315726065714286186e-01 9.397341847706213169e-01 7.979931077396597017e-01
6.688241755332845484e-01 8.328059664638443049e-01 9.408396557750913214e-01 7.992782855662837749e-01
6.703611795973205556e-01 8.340408329998664216e-01 9.418832789210725975e-01 8.005648700206068336e-01
6.718988019039772164e-01 8.352771994972687519e-01 9.429782606189816008e-01 8.018528543317658963e-01
6.734370382184546866e-01 8.365150593052370631e-01 9.440749146357213517e-01 8.031422317649872245e-01
6.749758843428736999e-01 8.377544058042574182e-01 9.451732351502789564e-01 8.044329956214155697e-01
6.765153361158932066e-01 8.389952324060012678e-01 9.462732163598418511e-01 8.057251392379414234e-01
6.780553894123334535e-01 8.402375325532127626e-01 9.473748524797938053e-01 8.070186559870293763e-01
6.795960401428026154e-01 8.414812997195942890e-01 9.484781377437108141e-01 8.083135392765469218e-01
6.811372842533287564e-01 8.427265274096930048e-01 9.495830664033557689e-01 8.096097825495935929e-01
6.826791177249951215e-01 8.439732091587847096e-01 9.506896327286722403e-01 8.109073792843284334e-01
6.842215365735802024e-01 8.452213385327603801e-01 9.517978310077782611e-01 8.122063229938013551e-01
6.857645368492016891e-01 8.464709091280101516e-01 9.529076555469581100e-01 8.135066072257803871e-01
6.873081146359647509e-01 8.477219145713082993e-01 9.540191093506293907e-01 8.148082255625826997e-01
6.888522660516146479e-01 8.489743485196973305e-01 9.551364422879218274e-01 8.161111716209039635e-01
6.903969872471924507e-01 8.502282046603722998e-01 9.562629830841529177e-01 8.174154390516490398e-01
6.919422744066957565e-01 8.514834767105649016e-01 9.573984267060298148e-01 8.187210215397617841e-01
6.934881237467428461e-01 8.527401584174265636e-01 9.585424802760402763e-01 8.200279128040568466e-01
6.950345315162406168e-01 8.539982435579127618e-01 9.596948626077252964e-01 8.213361065970496977e-01
6.965814939960562890e-01 8.552577259386657804e-01 9.607214881419994246e-01 8.226455967047887619e-01
6.981290074986936656e-01 8.565185993958981392e-01 9.618441199649302442e-01 8.239563769466871079e-01
6.996770683679722769e-01 8.577808577952763525e-01 9.629683276203844233e-01 8.252684411753548055e-01
6.996770683679722769e-01 8.577808577952763525e-01 9.629683276203844233e-01 8.252684411753548055e-01
6.996770683679722769e-01 8.577808577952763525e-01 9.629683276203844233e-01 8.252684411753548055e-01
6.996770683679722769e-01 8.577808577952763525e-01 9.629683276203844233e-01 8.252684411753548055e-01
6.996770683679722769e-01 8.577808577952763525e-01 9.629683276203844233e-01 8.252684411753548055e-01
6.996770683679722769e-01 8.577808577952763525e-01 9.629683276203844233e-01 8.252684411753548055e-01
6.996770683679722769e-01 8.577808577952763525e-01 9.629683276203844233e-01 8.252684411753548055e-01
6.996770683679722769e-01 8.577808577952763525e-01 9.629683276203844233e-01 8.252684411753548055e-01
6.996770683679722769e-01 8.577808577952763525e-01 9.629683276203844233e-01 8.252684411753548055e-01
6.996770683679722769e-01 8.577808577952763525e-01 9.629683276203844233e-01 8.252684411753548055e-01
6.996770683679722769e-01 8.577808577952763525e-01 9.629683276203844233e-01 8.252684411753548055e-01
6.996770683679722769e-01 8.577808577952763525e-01 9.629683276203844233e-01 8.252684411753548055e-01
6.996770683679722769e-01 8.577808577952763525e-01 9.629683276203844233e-01 8.252684411753548055e-01
6.996770683679722769e-01 8.577808577952763525e-01 9.629683276203844233e-01 8.252684411753548055e-01
6.996770683679722769e-01 8.577808577952763525e-01 9.629683276203844233e-01 8.252684411753548055e-01
6.996770683679722769e-01 8.577808577952763525e-01 9.629683276203844233e-01 8.252684411753548055e-01
6.996770683679722769e-01 8.577808577952763525e-01 9.629683276203844233e-01 8.252684411753548055e-01
6.996770683679722769e-01 8.577808577952763525e-01 9.629683276203844233e-01 8.252684411753548055e-01
6.996770683679722769e-01 8.577808577952763525e-01 9.629683276203844233e-01 8.252684411753548055e-01
6.996770683679722769e-01 8.577808577952763525e-01 9.629683276203844233e-01 8.252684411753548055e-01
6.996770683679722769e-01 8.577808577952763525e-01 9.629683276203844233e-01 8.252684411753548055e-01
6.996770683679722769e-01 8.577808577952763525e-01 9.629683276203844233e-01 8.252684411753548055e-01
6.996770683679722769e-01 8.577808577952763525e-01 9.629683276203844233e-01 8.252684411753548055e-01
6.996770683679722769e-01 8.577808577952763525e-01 9.629683276203844233e-01 8.252684411753548055e-01
6.996770683679722769e-01 8.577808577952763525e-01 9.629683276203844233e-01 8.252684411753548055e-01
6.996770683679722769e-01 8.577808577952763525e-01 9.629683276203844233e-01 8.252684411753548055e-01
6.996770683679722769e-01 8.577808577952763525e-01 9.629683276203844233e-01 8.252684411753548055e-01
6.996770683679722769e-01 8.577808577952763525e-01 9.629683276203844233e-01 8.252684411753548055e-01
6.996770683679722769e-01 8.577808577952763525e-01 9.629683276203844233e-01 8.252684411753548055e-01
6.996770683679722769e-01 8.577808577952763525e-01 9.629683276203844233e-01 8.252684411753548055e-01
6.996770683679722769e-01 8.577808577952763525e-01 9.629683276203844233e-01 8.252684411753548055e-01
6.999060325818348138e-01 8.571700265667508978e-01 9.626611316784554617e-01 8.257387325567601133e-01
7.001365231946632406e-01 8.565600685947899473e-01 9.623550026425337078e-01 8.262101131740710036e-01
7.003685386994479289e-01 8.559509857462633819e-01 9.620499415311036806e-01 8.266825811640160504e-01
7.006020775812124013e-01 8.553427798906769741e-01 9.617459493603865983e-01 8.271561346632878564e-01
7.008371383170589608e-01 8.547354529001616186e-01 9.614430271443256126e-01 8.276307718085670340e-01
7.010737193762150987e-01 8.541290066494638955e-01 9.611411758945717088e-01 8.281064907365477401e-01
7.013118192200797907e-01 8.535234430159360786e-01 9.608403966204678293e-01 8.285832895839608803e-01
7.015514363022699040e-01 8.529187638795255877e-01 9.605406903290343301e-01 8.290611664875986442e-01
7.017925690686672713e-01 8.523149711227652192e-01 9.602420580249544368e-01 8.295401195843393749e-01
7.020352159574649864e-01 8.517120666307624877e-01 9.599445007105590344e-01 8.300201470111701063e-01
7.022793753992147003e-01 8.511100522911893007e-01 9.596480193858116792e-01 8.305012469052115431e-01
7.025250458168733614e-01 8.505089299942711900e-01 9.593526150482939441e-01 8.309834174037410426e-01
7.027722256258503997e-01 8.499087016327759869e-01 9.590582886931905415e-01 8.314666566442163731e-01
7.030209132340548006e-01 8.493093691020042746e-01 9.587650413132742244e-01 8.319509627642992511e-01
7.032711070419429555e-01 8.487109342997768424e-01 9.584728738988913532e-01 8.324363339018786556e-01
7.035228054425654021e-01 8.481133991264243610e-01 9.581817874379462419e-01 8.329227681950935880e-01
7.037760068216148968e-01 8.475167654847765020e-01 9.578917829158875019e-01 8.334102637823569415e-01
7.040307095574738216e-01 8.469210352801493924e-01 9.576028613156918334e-01 8.338988188023772619e-01
7.042869120212618128e-01 8.463262104203346237e-01 9.573150236178499251e-01 8.343884313941826170e-01
7.045446125768837220e-01 8.457322928155878161e-01 9.570282708003515770e-01 8.348790996971424683e-01
7.048038095810776893e-01 8.451392843786165177e-01 9.567426038386709353e-01 8.353708218509909855e-01
7.050645013834628827e-01 8.445471870245682133e-01 9.564580237057510592e-01 8.358635959958485850e-01
7.053266863265875708e-01 8.439560026710186680e-01 9.561745313719899331e-01 8.363574202722449114e-01
7.055903627459774174e-01 8.433657332379588256e-01 9.560487669954348400e-01 8.368522928211405976e-01
7.058555289701837765e-01 8.427763806477835962e-01 9.557157340206331453e-01 8.373482117839494698e-01
7.061221833208314314e-01 8.421879468252783107e-01 9.553937650555538452e-01 8.378451753025601967e-01
7.063903241126679999e-01 8.416004336976068423e-01 9.550831685641979485e-01 8.383431815193584935e-01
7.066599496536113412e-01 8.410138431942988380e-01 9.547842558724859430e-01 8.388422285772483278e-01
7.069310582447988489e-01 8.404281772472358414e-01 9.544973403951495516e-01 8.393423146196736795e-01
7.072036481806355246e-01 8.398434377906397463e-01 9.542227367813297390e-01 8.398434377906397463e-01
7.085774481311130080e-01 8.410005945301110009e-01 9.517128598655965055e-01 8.369241303726401293e-01
7.099838026321446671e-01 8.421858464733303906e-01 9.491032609784880725e-01 8.340245799735160892e-01
7.114225186202641771e-01 8.433990751714161016e-01 9.465738217381675090e-01 8.311449933675832957e-01
7.128934001658312480e-01 8.446401600681796573e-01 9.440640868076700665e-01 8.282855787709937356e-01
