-4.000000000000000000e+02 -4.000000000000000000e+02 -4.000000000000000000e+02 -4.000000000000000000e+02
-4.000000000000000000e+02 -4.000000000000000000e+02 -4.000000000000000000e+02 -4.000000000000000000e+02
-4.000000000000000000e+02 -4.000000000000000000e+02 -4.000000000000000000e+02 -4.000000000000000000e+02
-4.000000000000000000e+02 -4.000000000000000000e+02 -4.000000000000000000e+02 -4.000000000000000000e+02
-4.000000000000000000e+02 -4.000000000000000000e+02 -4.000000000000000000e+02 -4.000000000000000000e+02
-4.000000000000000000e+02 -4.000000000000000000e+02 -4.000000000000000000e+02 -4.000000000000000000e+02
-4.000000000000000000e+02 -4.000000000000000000e+02 -4.000000000000000000e+02 -4.000000000000000000e+02
-4.000000000000000000e+02 -4.000000000000000000e+02 -4.000000000000000000e+02 -4.000000000000000000e+02
-4.000000000000000000e+02 -4.000000000000000000e+02 -4.000000000000000000e+02 -4.000000000000000000e+02
-4.000000000000000000e+02 -4.000000000000000000e+02 -4.000000000000000000e+02 -4.000000000000000000e+02
-4.000000000000000000e+02 -4.000000000000000000e+02 -4.000000000000000000e+02 -4.000000000000000000e+02
-4.000000000000000000e+02 -4.000000000000000000e+02 -4.000000000000000000e+02 -4.000000000000000000e+02
-4.000000000000000000e+02 -4.000000000000000000e+02 -4.000000000000000000e+02 -4.000000000000000000e+02
-4.000000000000000000e+02 -4.000000000000000000e+02 -4.000000000000000000e+02 -4.000000000000000000e+02
-4.000000000000000000e+02 -4.000000000000000000e+02 -4.000000000000000000e+02 -4.000000000000000000e+02
-4.000000000000000000e+02 -4.000000000000000000e+02 -4.000000000000000000e+02 -4.000000000000000000e+02
-4.000000000000000000e+02 -4.000000000000000000e+02 -4.000000000000000000e+02 -4.000000000000000000e+02
-4.000000000000000000e+02 -4.000000000000000000e+02 -4.000000000000000000e+02 -4.000000000000000000e+02
-4.000000000000000000e+02 -4.000000000000000000e+02 -4.000000000000000000e+02 -4.000000000000000000e+02
-4.000000000000000000e+02 -4.000000000000000000e+02 -4.000000000000000000e+02 -4.000000000000000000e+02
-4.000000000000000000e+02 -4.000000000000000000e+02 -4.000000000000000000e+02 -4.000000000000000000e+02
-4.000000000000000000e+02 -4.000000000000000000e+02 -4.000000000000000000e+02 -4.000000000000000000e+02
-4.000000000000000000e+02 -4.000000000000000000e+02 -4.000000000000000000e+02 -4.000000000000000000e+02
-4.000000000000000000e+02 -4.000000000000000000e+02 -4.000000000000000000e+02 -4.000000000000000000e+02
-4.000000000000000000e+02 -4.000000000000000000e+02 -4.000000000000000000e+02 -4.000000000000000000e+02
-4.000000000000000000e+02 -4.000000000000000000e+02 -4.000000000000000000e+02 -4.000000000000000000e+02
-4.000000000000000000e+02 -4.000000000000000000e+02 -4.000000000000000000e+02 -4.000000000000000000e+02
-4.000000000000000000e+02 -4.000000000000000000e+02 -2.773665338910137166e+02 -4.000000000000000000e+02
-4.000000000000000000e+02 -4.000000000000000000e+02 -1.075954330746265555e+02 -4.000000000000000000e+02
-4.000000000000000000e+02 -4.000000000000000000e+02 6.220130788222638074e+01 -4.000000000000000000e+02
-4.000000000000000000e+02 -4.000000000000000000e+02 -6.640681639476036935e+01 -4.000000000000000000e+02
-4.000000000000000000e+02 -4.000000000000000000e+02 -4.546799633783241745e+01 -4.000000000000000000e+02
-4.000000000000000000e+02 -4.000000000000000000e+02 -2.435183365755748142e+01 -4.000000000000000000e+02
-4.000000000000000000e+02 -4.000000000000000000e+02 -3.059118843619184513e+00 -4.000000000000000000e+02
-4.000000000000000000e+02 -4.000000000000000000e+02 1.840935575550847503e+01 -4.000000000000000000e+02
-4.000000000000000000e+02 -4.000000000000000000e+02 6.551758693905735242e+01 -4.000000000000000000e+02
-4.000000000000000000e+02 -4.000000000000000000e+02 8.733519718577181834e+01 -4.000000000000000000e+02
-4.000000000000000000e+02 -4.000000000000000000e+02 1.093261801317425892e+02 -4.000000000000000000e+02
-4.000000000000000000e+02 -4.000000000000000000e+02 1.314897370999127872e+02 -4.000000000000000000e+02
-4.000000000000000000e+02 -4.000000000000000000e+02 1.538250681019746651e+02 -4.000000000000000000e+02
-4.000000000000000000e+02 -4.000000000000000000e+02 1.763313719444024059e+02 -4.000000000000000000e+02
-4.000000000000000000e+02 -4.000000000000000000e+02 1.990078463331893204e+02 -4.000000000000000000e+02
-4.000000000000000000e+02 -4.000000000000000000e+02 2.218536879774333954e+02 -4.000000000000000000e+02
-4.000000000000000000e+02 -4.000000000000000000e+02 2.448680926916168232e+02 -4.000000000000000000e+02
-4.000000000000000000e+02 -4.000000000000000000e+02 2.680502554967051196e+02 -4.000000000000000000e+02
-4.000000000000000000e+02 -4.000000000000000000e+02 2.913993707198699781e+02 -4.000000000000000000e+02
-4.000000000000000000e+02 -4.000000000000000000e+02 3.149146320930618685e+02 -4.000000000000000000e+02
-4.000000000000000000e+02 -4.000000000000000000e+02 3.385952328501791158e+02 -4.000000000000000000e+02
-4.000000000000000000e+02 -4.000000000000000000e+02 3.624403658229711027e+02 -4.000000000000000000e+02
-4.000000000000000000e+02 -4.000000000000000000e+02 3.864492235356923970e+02 -4.000000000000000000e+02
-4.000000000000000000e+02 -4.000000000000000000e+02 4.000000000000000000e+02 -4.000000000000000000e+02
-4.000000000000000000e+02 -4.000000000000000000e+02 4.000000000000000000e+02 -4.000000000000000000e+02
-4.000000000000000000e+02 -4.000000000000000000e+02 4.000000000000000000e+02 -4.000000000000000000e+02
-4.000000000000000000e+02 -4.000000000000000000e+02 4.000000000000000000e+02 -4.000000000000000000e+02
-4.000000000000000000e+02 -4.000000000000000000e+02 4.000000000000000000e+02 -4.000000000000000000e+02
-4.000000000000000000e+02 -4.000000000000000000e+02 4.000000000000000000e+02 -4.000000000000000000e+02
-4.000000000000000000e+02 -4.000000000000000000e+02 4.000000000000000000e+02 -4.000000000000000000e+02
-4.000000000000000000e+02 -4.000000000000000000e+02 4.000000000000000000e+02 -4.000000000000000000e+02
-4.000000000000000000e+02 -4.000000000000000000e+02 4.000000000000000000e+02 -4.000000000000000000e+02
-4.000000000000000000e+02 -4.000000000000000000e+02 4.000000000000000000e+02 -4.000000000000000000e+02
-4.000000000000000000e+02 -4.000000000000000000e+02 4.000000000000000000e+02 -4.000000000000000000e+02
-4.000000000000000000e+02 -4.000000000000000000e+02 4.000000000000000000e+02 -4.000000000000000000e+02
-4.000000000000000000e+02 -4.000000000000000000e+02 4.000000000000000000e+02 -4.000000000000000000e+02
-4.000000000000000000e+02 -4.000000000000000000e+02 4.000000000000000000e+02 -4.000000000000000000e+02
-4.000000000000000000e+02 -4.000000000000000000e+02 4.000000000000000000e+02 -4.000000000000000000e+02
-4.000000000000000000e+02 -4.000000000000000000e+02 4.000000000000000000e+02 -4.000000000000000000e+02
-4.000000000000000000e+02 -4.000000000000000000e+02 4.000000000000000000e+02 -4.000000000000000000e+02
-4.000000000000000000e+02 -4.000000000000000000e+02 4.000000000000000000e+02 -4.000000000000000000e+02
-4.000000000000000000e+02 -4.000000000000000000e+02 4.000000000000000000e+02 -4.000000000000000000e+02
-4.000000000000000000e+02 -4.000000000000000000e+02 4.000000000000000000e+02 -4.000000000000000000e+02
-4.000000000000000000e+02 -4.000000000000000000e+02 4.000000000000000000e+02 -4.000000000000000000e+02
-4.000000000000000000e+02 -4.000000000000000000e+02 4.000000000000000000e+02 -4.000000000000000000e+02
-4.000000000000000000e+02 -4.000000000000000000e+02 4.000000000000000000e+02 -4.000000000000000000e+02
-4.000000000000000000e+02 -4.000000000000000000e+02 4.000000000000000000e+02 -4.000000000000000000e+02
-4.000000000000000000e+02 -4.000000000000000000e+02 4.000000000000000000e+02 -4.000000000000000000e+02
-4.000000000000000000e+02 -4.000000000000000000e+02 4.000000000000000000e+02 -4.000000000000000000e+02
-4.000000000000000000e+02 -4.000000000000000000e+02 4.000000000000000000e+02 -4.000000000000000000e+02
-4.000000000000000000e+02 -4.000000000000000000e+02 4.000000000000000000e+02 -4.000000000000000000e+02
-4.000000000000000000e+02 -4.000000000000000000e+02 4.000000000000000000e+02 -4.000000000000000000e+02
-4.000000000000000000e+02 -4.000000000000000000e+02 4.000000000000000000e+02 -4.000000000000000000e+02
-4.000000000000000000e+02 -4.000000000000000000e+02 4.000000000000000000e+02 -4.000000000000000000e+02
-4.000000000000000000e+02 -4.000000000000000000e+02 4.000000000000000000e+02 -4.000000000000000000e+02
-4.000000000000000000e+02 -4.000000000000000000e+02 4.000000000000000000e+02 -4.000000000000000000e+02
-4.000000000000000000e+02 -4.000000000000000000e+02 4.000000000000000000e+02 -4.000000000000000000e+02
-4.000000000000000000e+02 -4.000000000000000000e+02 4.000000000000000000e+02 -4.000000000000000000e+02
-4.000000000000000000e+02 -4.000000000000000000e+02 4.000000000000000000e+02 -4.000000000000000000e+02
-4.000000000000000000e+02 -4.000000000000000000e+02 4.000000000000000000e+02 -4.000000000000000000e+02
-4.000000000000000000e+02 -4.000000000000000000e+02 4.000000000000000000e+02 -4.000000000000000000e+02
-4.000000000000000000e+02 -4.000000000000000000e+02 4.000000000000000000e+02 -4.000000000000000000e+02
-4.000000000000000000e+02 -4.000000000000000000e+02 4.000000000000000000e+02 -4.000000000000000000e+02
-4.000000000000000000e+02 -4.000000000000000000e+02 4.000000000000000000e+02 -4.000000000000000000e+02
-4.000000000000000000e+02 -4.000000000000000000e+02 4.000000000000000000e+02 -4.000000000000000000e+02
-4.000000000000000000e+02 -4.000000000000000000e+02 4.000000000000000000e+02 -4.000000000000000000e+02
-4.000000000000000000e+02 -4.000000000000000000e+02 4.000000000000000000e+02 -4.000000000000000000e+02
-4.000000000000000000e+02 -4.000000000000000000e+02 4.000000000000000000e+02 -4.000000000000000000e+02
-4.000000000000000000e+02 -4.000000000000000000e+02 4.000000000000000000e+02 -4.000000000000000000e+02
-4.000000000000000000e+02 -4.000000000000000000e+02 4.000000000000000000e+02 -4.000000000000000000e+02
-4.000000000000000000e+02 -4.000000000000000000e+02 4.000000000000000000e+02 -4.000000000000000000e+02
-4.000000000000000000e+02 -4.000000000000000000e+02 4.000000000000000000e+02 -4.000000000000000000e+02
-4.000000000000000000e+02 -4.000000000000000000e+02 4.000000000000000000e+02 -4.000000000000000000e+02
-4.000000000000000000e+02 -4.000000000000000000e+02 4.000000000000000000e+02 -4.000000000000000000e+02
-4.000000000000000000e+02 -4.000000000000000000e+02 4.000000000000000000e+02 -4.000000000000000000e+02
-4.000000000000000000e+02 -4.000000000000000000e+02 4.000000000000000000e+02 -4.000000000000000000e+02
-4.000000000000000000e+02 -4.000000000000000000e+02 4.000000000000000000e+02 -4.000000000000000000e+02
-4.000000000000000000e+02 -4.000000000000000000e+02 4.000000000000000000e+02 -4.000000000000000000e+02
-4.000000000000000000e+02 -4.000000000000000000e+02 4.000000000000000000e+02 -4.000000000000000000e+02
-4.000000000000000000e+02 -4.000000000000000000e+02 4.000000000000000000e+02 -4.000000000000000000e+02
-4.000000000000000000e+02 -4.000000000000000000e+02 4.000000000000000000e+02 -4.000000000000000000e+02
-4.000000000000000000e+02 -4.000000000000000000e+02 4.000000000000000000e+02 -4.000000000000000000e+02
-4.000000000000000000e+02 -4.000000000000000000e+02 4.000000000000000000e+02 -4.000000000000000000e+02
-4.000000000000000000e+02 -4.000000000000000000e+02 4.000000000000000000e+02 -4.000000000000000000e+02
-4.000000000000000000e+02 -4.000000000000000000e+02 4.000000000000000000e+02 -4.000000000000000000e+02
-4.000000000000000000e+02 -4.000000000000000000e+02 4.000000000000000000e+02 -4.000000000000000000e+02
-4.000000000000000000e+02 -4.000000000000000000e+02 4.000000000000000000e+02 -4.000000000000000000e+02
-4.000000000000000000e+02 -4.000000000000000000e+02 4.000000000000000000e+02 -4.000000000000000000e+02
-4.000000000000000000e+02 -4.000000000000000000e+02 4.000000000000000000e+02 -4.000000000000000000e+02
-4.000000000000000000e+02 -4.000000000000000000e+02 4.000000000000000000e+02 -4.000000000000000000e+02
-4.000000000000000000e+02 -4.000000000000000000e+02 4.000000000000000000e+02 -4.000000000000000000e+02
-4.000000000000000000e+02 -4.000000000000000000e+02 4.000000000000000000e+02 -4.000000000000000000e+02
-4.000000000000000000e+02 -4.000000000000000000e+02 4.000000000000000000e+02 -4.000000000000000000e+02
-4.000000000000000000e+02 -4.000000000000000000e+02 4.000000000000000000e+02 -4.000000000000000000e+02
-4.000000000000000000e+02 -4.000000000000000000e+02 4.000000000000000000e+02 -4.000000000000000000e+02
-4.000000000000000000e+02 -4.000000000000000000e+02 4.000000000000000000e+02 -4.000000000000000000e+02
-4.000000000000000000e+02 -4.000000000000000000e+02 4.000000000000000000e+02 -4.000000000000000000e+02
-4.000000000000000000e+02 -4.000000000000000000e+02 4.000000000000000000e+02 -4.000000000000000000e+02
-4.000000000000000000e+02 -4.000000000000000000e+02 4.000000000000000000e+02 -4.000000000000000000e+02
-4.000000000000000000e+02 -4.000000000000000000e+02 4.000000000000000000e+02 -4.000000000000000000e+02
-4.000000000000000000e+02 -4.000000000000000000e+02 4.000000000000000000e+02 -4.000000000000000000e+02
-4.000000000000000000e+02 -4.000000000000000000e+02 4.000000000000000000e+02 -4.000000000000000000e+02
-4.000000000000000000e+02 -4.000000000000000000e+02 4.000000000000000000e+02 -4.000000000000000000e+02
-4.000000000000000000e+02 -4.000000000000000000e+02 4.000000000000000000e+02 -4.000000000000000000e+02
-4.000000000000000000e+02 -4.000000000000000000e+02 4.000000000000000000e+02 -4.000000000000000000e+02
-4.000000000000000000e+02 -4.000000000000000000e+02 4.000000000000000000e+02 -4.000000000000000000e+02
-4.000000000000000000e+02 -4.000000000000000000e+02 4.000000000000000000e+02 -4.000000000000000000e+02
-4.000000000000000000e+02 -4.000000000000000000e+02 4.000000000000000000e+02 -4.000000000000000000e+02
-4.000000000000000000e+02 -4.000000000000000000e+02 4.000000000000000000e+02 -4.000000000000000000e+02
-4.000000000000000000e+02 -4.000000000000000000e+02 4.000000000000000000e+02 -4.000000000000000000e+02
-4.000000000000000000e+02 -4.000000000000000000e+02 4.000000000000000000e+02 -4.000000000000000000e+02
-4.000000000000000000e+02 -4.000000000000000000e+02 4.000000000000000000e+02 -4.000000000000000000e+02
-4.000000000000000000e+02 -4.000000000000000000e+02 4.000000000000000000e+02 -4.000000000000000000e+02
-4.000000000000000000e+02 -4.000000000000000000e+02 4.000000000000000000e+02 -4.000000000000000000e+02
-4.000000000000000000e+02 -4.000000000000000000e+02 4.000000000000000000e+02 -4.000000000000000000e+02
-4.000000000000000000e+02 -4.000000000000000000e+02 4.000000000000000000e+02 -4.000000000000000000e+02
-4.000000000000000000e+02 -4.000000000000000000e+02 4.000000000000000000e+02 -4.000000000000000000e+02
-4.000000000000000000e+02 -4.000000000000000000e+02 4.000000000000000000e+02 -4.000000000000000000e+02
-4.000000000000000000e+02 -4.000000000000000000e+02 4.000000000000000000e+02 -4.000000000000000000e+02
-4.000000000000000000e+02 -4.000000000000000000e+02 4.000000000000000000e+02 -4.000000000000000000e+02
-4.000000000000000000e+02 -4.000000000000000000e+02 4.000000000000000000e+02 -4.000000000000000000e+02
-4.000000000000000000e+02 -4.000000000000000000e+02 4.000000000000000000e+02 -4.000000000000000000e+02
-4.000000000000000000e+02 -4.000000000000000000e+02 4.000000000000000000e+02 -4.000000000000000000e+02
-4.000000000000000000e+02 -4.000000000000000000e+02 4.000000000000000000e+02 -4.000000000000000000e+02
-4.000000000000000000e+02 -4.000000000000000000e+02 4.000000000000000000e+02 -4.000000000000000000e+02
-4.000000000000000000e+02 -4.000000000000000000e+02 4.000000000000000000e+02 -4.000000000000000000e+02
-4.000000000000000000e+02 -4.000000000000000000e+02 4.000000000000000000e+02 -4.000000000000000000e+02
-4.000000000000000000e+02 -4.000000000000000000e+02 4.000000000000000000e+02 -4.000000000000000000e+02
