0.000000000000000000e+00 0.000000000000000000e+00 4.530000000000000138e-01
6.666666666666681840e-03 5.000000000000004441e-03 4.462333333333333707e-01
1.333333333333333592e-02 1.000000000000000888e-02 4.394666666666666721e-01
1.999999999999999001e-02 1.499999999999998557e-02 4.327000000000000290e-01
2.666666666666664409e-02 1.999999999999999001e-02 4.259333333333333305e-01
3.333333333333335369e-02 2.499999999999999445e-02 4.191666666666666874e-01
4.000000000000000777e-02 2.999999999999999889e-02 4.123999999999999888e-01
4.666666666666666186e-02 3.500000000000000333e-02 4.056333333333333457e-01
5.333333333333331594e-02 3.999999999999998002e-02 3.988666666666667027e-01
5.999999999999997002e-02 4.499999999999998446e-02 3.921000000000000041e-01
6.666666666666667962e-02 4.999999999999998890e-02 3.853333333333333610e-01
7.333333333333333370e-02 5.499999999999999334e-02 3.785666666666666624e-01
7.999999999999998779e-02 5.999999999999999778e-02 3.718000000000000194e-01
8.666666666666664187e-02 6.500000000000000222e-02 3.650333333333333208e-01
9.333333333333329596e-02 7.000000000000000666e-02 3.582666666666666777e-01
1.000000000000000056e-01 7.499999999999998335e-02 3.515000000000000346e-01
1.066666666666666596e-01 7.999999999999998779e-02 3.447333333333333361e-01
1.133333333333333137e-01 8.499999999999999223e-02 3.379666666666666930e-01
1.200000000000000233e-01 8.999999999999996891e-02 3.312000000000000499e-01
1.266666666666666219e-01 9.499999999999997335e-02 3.244333333333333513e-01
1.333333333333333315e-01 9.999999999999997780e-02 3.176666666666666528e-01
1.399999999999999856e-01 1.049999999999999822e-01 3.109000000000000097e-01
1.466666666666666397e-01 1.099999999999999867e-01 3.041333333333333666e-01
1.533333333333333492e-01 1.149999999999999911e-01 2.973666666666666680e-01
1.599999999999999478e-01 1.199999999999999956e-01 2.906000000000000250e-01
1.666666666666666574e-01 1.250000000000000000e-01 2.838333333333333819e-01
1.733333333333333115e-01 1.299999999999999489e-01 2.770666666666666833e-01
1.799999999999999656e-01 1.349999999999999534e-01 2.702999999999999847e-01
1.866666666666666752e-01 1.399999999999999578e-01 2.635333333333333417e-01
1.933333333333333293e-01 1.449999999999999623e-01 2.567666666666666986e-01
1.999999999999999833e-01 1.499999999999999667e-01 2.500000000000000000e-01
1.993333333333333346e-01 1.496666666666666146e-01 2.466666666666666730e-01
1.986666666666666303e-01 1.493333333333333179e-01 2.433333333333333459e-01
1.979999999999999816e-01 1.489999999999999658e-01 2.399999999999999911e-01
1.973333333333333328e-01 1.486666666666666137e-01 2.366666666666666641e-01
1.966666666666666285e-01 1.483333333333333171e-01 2.333333333333333370e-01
1.959999999999999798e-01 1.479999999999999649e-01 2.300000000000000100e-01
1.953333333333333310e-01 1.476666666666666683e-01 2.266666666666666552e-01
1.946666666666666268e-01 1.473333333333333162e-01 2.233333333333333282e-01
1.939999999999999780e-01 1.469999999999999640e-01 2.200000000000000011e-01
1.933333333333333293e-01 1.466666666666666674e-01 2.166666666666666741e-01
1.926666666666666250e-01 1.463333333333333153e-01 2.133333333333333470e-01
1.919999999999999762e-01 1.459999999999999631e-01 2.099999999999999922e-01
1.913333333333333275e-01 1.456666666666666665e-01 2.066666666666666652e-01
1.906666666666666232e-01 1.453333333333333144e-01 2.033333333333333381e-01
1.899999999999999745e-01 1.449999999999999623e-01 2.000000000000000111e-01
1.893333333333333257e-01 1.446666666666666656e-01 1.966666666666666841e-01
1.886666666666666214e-01 1.443333333333333135e-01 1.933333333333333293e-01
1.879999999999999727e-01 1.440000000000000169e-01 1.900000000000000022e-01
1.873333333333333239e-01 1.436666666666666647e-01 1.866666666666666752e-01
1.866666666666666197e-01 1.433333333333333126e-01 1.833333333333333204e-01
1.859999999999999709e-01 1.430000000000000160e-01 1.800000000000000211e-01
1.853333333333333222e-01 1.426666666666666639e-01 1.766666666666666663e-01
1.846666666666666179e-01 1.423333333333333117e-01 1.733333333333333393e-01
1.839999999999999691e-01 1.420000000000000151e-01 1.700000000000000122e-01
1.833333333333333204e-01 1.416666666666666630e-01 1.666666666666666574e-01
1.826666666666666161e-01 1.413333333333333663e-01 1.633333333333333581e-01
1.819999999999999674e-01 1.410000000000000142e-01 1.600000000000000033e-01
1.813333333333333186e-01 1.406666666666666621e-01 1.566666666666666763e-01
1.806666666666666143e-01 1.403333333333333655e-01 1.533333333333333492e-01
1.799999999999999656e-01 1.400000000000000133e-01 1.499999999999999944e-01
1.799999999999999656e-01 1.400000000000000133e-01 1.483333333333333448e-01
1.799999999999999656e-01 1.400000000000000133e-01 1.466666666666666674e-01
1.799999999999999656e-01 1.400000000000000133e-01 1.450000000000000178e-01
1.799999999999999656e-01 1.400000000000000133e-01 1.433333333333333404e-01
1.799999999999999656e-01 1.400000000000000133e-01 1.416666666666666907e-01
1.799999999999999656e-01 1.400000000000000133e-01 1.400000000000000133e-01
1.799999999999999656e-01 1.400000000000000133e-01 1.383333333333333359e-01
1.799999999999999656e-01 1.400000000000000133e-01 1.366666666666666863e-01
1.799999999999999656e-01 1.400000000000000133e-01 1.350000000000000089e-01
1.799999999999999656e-01 1.400000000000000133e-01 1.333333333333333592e-01
1.799999999999999656e-01 1.400000000000000133e-01 1.316666666666666818e-01
1.799999999999999656e-01 1.400000000000000133e-01 1.300000000000000044e-01
1.799999999999999656e-01 1.400000000000000133e-01 1.283333333333333548e-01
1.799999999999999656e-01 1.400000000000000133e-01 1.266666666666666774e-01
1.799999999999999656e-01 1.400000000000000133e-01 1.250000000000000000e-01
1.799999999999999656e-01 1.400000000000000133e-01 1.233333333333333504e-01
1.799999999999999656e-01 1.400000000000000133e-01 1.216666666666666730e-01
1.799999999999999656e-01 1.400000000000000133e-01 1.200000000000000233e-01
1.799999999999999656e-01 1.400000000000000133e-01 1.183333333333333459e-01
1.799999999999999656e-01 1.400000000000000133e-01 1.166666666666666685e-01
1.799999999999999656e-01 1.400000000000000133e-01 1.150000000000000189e-01
1.799999999999999656e-01 1.400000000000000133e-01 1.133333333333333415e-01
1.799999999999999656e-01 1.400000000000000133e-01 1.116666666666666641e-01
1.799999999999999656e-01 1.400000000000000133e-01 1.100000000000000144e-01
1.799999999999999656e-01 1.400000000000000133e-01 1.083333333333333370e-01
1.799999999999999656e-01 1.400000000000000133e-01 1.066666666666666874e-01
1.799999999999999656e-01 1.400000000000000133e-01 1.050000000000000100e-01
1.799999999999999656e-01 1.400000000000000133e-01 1.033333333333333326e-01
1.799999999999999656e-01 1.400000000000000133e-01 1.016666666666666829e-01
1.799999999999999656e-01 1.400000000000000133e-01 1.000000000000000056e-01
1.799999999999999656e-01 1.400000000000000133e-01 1.000000000000000056e-01
1.799999999999999656e-01 1.400000000000000133e-01 1.000000000000000056e-01
1.799999999999999656e-01 1.400000000000000133e-01 1.000000000000000056e-01
1.799999999999999656e-01 1.400000000000000133e-01 1.000000000000000056e-01
1.799999999999999656e-01 1.400000000000000133e-01 1.000000000000000056e-01
1.799999999999999656e-01 1.400000000000000133e-01 1.000000000000000056e-01
1.799999999999999656e-01 1.400000000000000133e-01 1.000000000000000056e-01
1.799999999999999656e-01 1.400000000000000133e-01 1.000000000000000056e-01
1.799999999999999656e-01 1.400000000000000133e-01 1.000000000000000056e-01
1.799999999999999656e-01 1.400000000000000133e-01 1.000000000000000056e-01
1.799999999999999656e-01 1.400000000000000133e-01 1.000000000000000056e-01
1.799999999999999656e-01 1.400000000000000133e-01 1.000000000000000056e-01
1.799999999999999656e-01 1.400000000000000133e-01 1.000000000000000056e-01
1.799999999999999656e-01 1.400000000000000133e-01 1.000000000000000056e-01
1.799999999999999656e-01 1.400000000000000133e-01 1.000000000000000056e-01
1.799999999999999656e-01 1.400000000000000133e-01 1.000000000000000056e-01
1.799999999999999656e-01 1.400000000000000133e-01 1.000000000000000056e-01
1.799999999999999656e-01 1.400000000000000133e-01 1.000000000000000056e-01
1.799999999999999656e-01 1.400000000000000133e-01 1.000000000000000056e-01
1.799999999999999656e-01 1.400000000000000133e-01 1.000000000000000056e-01
1.799999999999999656e-01 1.400000000000000133e-01 1.000000000000000056e-01
1.799999999999999656e-01 1.400000000000000133e-01 1.000000000000000056e-01
1.799999999999999656e-01 1.400000000000000133e-01 1.000000000000000056e-01
1.799999999999999656e-01 1.400000000000000133e-01 1.000000000000000056e-01
1.799999999999999656e-01 1.400000000000000133e-01 1.000000000000000056e-01
1.799999999999999656e-01 1.400000000000000133e-01 1.000000000000000056e-01
1.799999999999999656e-01 1.400000000000000133e-01 1.000000000000000056e-01
1.799999999999999656e-01 1.400000000000000133e-01 1.000000000000000056e-01
1.799999999999999656e-01 1.400000000000000133e-01 1.000000000000000056e-01
1.799999999999999656e-01 1.400000000000000133e-01 1.000000000000000056e-01
1.789999999999999647e-01 1.403333333333333655e-01 9.990000000000001656e-02
1.779999999999999638e-01 1.406666666666666621e-01 9.979999999999999982e-02
1.769999999999999629e-01 1.410000000000000142e-01 9.970000000000001084e-02
1.759999999999999620e-01 1.413333333333333663e-01 9.960000000000002185e-02
1.749999999999999611e-01 1.416666666666666630e-01 9.950000000000000511e-02
1.739999999999999603e-01 1.420000000000000151e-01 9.940000000000001612e-02
1.729999999999999594e-01 1.423333333333333117e-01 9.929999999999999938e-02
1.719999999999999585e-01 1.426666666666666639e-01 9.920000000000001039e-02
1.709999999999999576e-01 1.430000000000000160e-01 9.909999999999999365e-02
1.699999999999999567e-01 1.433333333333333126e-01 9.900000000000000466e-02
1.689999999999999558e-01 1.436666666666666647e-01 9.889999999999998792e-02
1.679999999999999549e-01 1.440000000000000169e-01 9.879999999999999893e-02
1.669999999999999540e-01 1.443333333333333135e-01 9.870000000000000995e-02
1.659999999999999531e-01 1.446666666666666656e-01 9.859999999999999321e-02
1.650000000000000078e-01 1.449999999999999623e-01 9.850000000000000422e-02
1.640000000000000069e-01 1.453333333333333144e-01 9.839999999999998748e-02
1.630000000000000060e-01 1.456666666666666665e-01 9.829999999999999849e-02
1.620000000000000051e-01 1.459999999999999631e-01 9.819999999999998175e-02
1.610000000000000042e-01 1.463333333333333153e-01 9.809999999999999276e-02
1.600000000000000033e-01 1.466666666666666674e-01 9.800000000000000377e-02
1.590000000000000024e-01 1.469999999999999640e-01 9.789999999999998703e-02
1.580000000000000016e-01 1.473333333333333162e-01 9.779999999999999805e-02
1.570000000000000007e-01 1.476666666666666683e-01 9.769999999999998130e-02
1.559999999999999998e-01 1.479999999999999649e-01 9.759999999999999232e-02
1.549999999999999989e-01 1.483333333333333171e-01 9.749999999999997558e-02
1.539999999999999980e-01 1.486666666666666137e-01 9.739999999999998659e-02
1.529999999999999971e-01 1.489999999999999658e-01 9.729999999999999760e-02
1.519999999999999962e-01 1.493333333333333179e-01 9.719999999999998086e-02
1.509999999999999953e-01 1.496666666666666146e-01 9.709999999999999187e-02
1.499999999999999944e-01 1.499999999999999667e-01 9.699999999999997513e-02
1.499999999999999944e-01 1.449999999999999623e-01 9.699999999999997513e-02
1.499999999999999944e-01 1.399999999999999578e-01 9.699999999999997513e-02
1.499999999999999944e-01 1.350000000000000089e-01 9.699999999999997513e-02
1.499999999999999944e-01 1.300000000000000044e-01 9.699999999999997513e-02
